440 500
440 500
440 500
349 350
523 150
440 500
349 350
523 150
440 1000
659 500
659 500
659 500 
698 350
523 150
415 500
349 350
523 150
440 1000
880 500
440 350
440 150
880 500
830 250
784 250
740 125
698 125 
740 250
455 250 
622 500 
587 250 
554 250 
523 125 
466 125 
523 250
349 125 
415 500 
349 375 
440 125
523 500
440 375 
523 125
659 1000
880 500
440 350
440 150
880 500
830 250
784 250
740 125
698 125 
740 250
455 250 
622 500 
587 250 
554 250 
523 125 
466 125 
523 250
440 500
440 500 
440 500
349 350
523 150
440 500
349 350
523 150
440 1000
659 500
659 500
659 500 
698 350
523 150
415 500
349 350
523 150
440 1000
880 500
440 350
440 150
880 500
830 250
784 250
740 125
698 125 
740 250
455 250 
622 500 
587 250 
554 250 
523 125 
466 125 
523 250
349 125 
415 500 
349 375 
440 125
523 500
440 375 
523 125
659 1000
880 500
440 350
440 150